8695 1242 3703 0 0 0
8695 1255 3689 2 0 0
24369 1237 3683 2 0 0
24369 1242 3682 1 0 0
24369 1245 3685 0 0 0
24369 1240 3681 0 1 0
24369 1243 3681 3 1 0
24369 1243 3682 1 1 0
34463 1248 3723 3 0 0
34464 1249 3723 3 0 0
15204 1295 2514 0 0 0
15204 1296 2507 0 0 0
15204 1300 2507 2 0 0
15204 1302 2516 1 0 0
15204 1309 2512 2 0 0
15204 1309 2517 1 0 0
15204 1311 2504 2 0 0
28456 1333 2782 0 0 0
28457 1318 2804 3 0 0
28458 1309 2763 1 0 0
28458 1333 2797 0 0 0
28459 1284 2807 0 0 0
28459 1285 2770 1 0 0
28459 1334 2767 0 0 0
28460 1333 2783 0 0 0
28461 1317 2804 3 0 0
28462 1310 2763 1 0 0
28462 1333 2798 0 0 0
28463 1284 2808 0 0 0
28463 1286 2770 1 0 0
28463 1334 2768 0 0 0
36253 1288 2839 3 0 0
36253 1322 2855 2 0 0
3 1280 3113 0 0 0
3 1280 3114 2 0 10
18489 1308 3619 0 1 0
18489 1308 3620 0 1 0
18489 1309 3621 1 1 0
18489 1310 3621 1 1 0
18489 1311 3621 1 1 0
18489 1312 3621 1 1 0
18489 1313 3619 2 1 0
18489 1313 3620 2 1 0
13001 1298 3720 3 0 0
13001 1299 3724 0 0 0
15056 1284 3758 1 0 0
3 1344 3241 0 0 0
3 1344 3242 2 0 10
59 1344 3241 0 0 0
59 1344 3242 2 0 10
81 1345 3256 1 0 14
93 1345 3256 1 0 14
99 1345 3256 1 0 14
131 1344 3241 0 0 0
131 1344 3242 2 0 10
8695 1368 3634 1 0 0
33491 1382 3817 3 0 0
33556 1380 3826 3 0 0
33556 1384 3826 3 0 0
33556 1380 3826 1 1 0
33556 1384 3826 1 1 0
1546 1378 10223 2 0 0
1546 1378 10227 2 0 0
1546 1379 10219 2 0 0
1546 1385 10219 0 0 0
1546 1386 10223 0 0 0
1546 1386 10227 0 0 0
28479 1434 3744 3 0 0
28479 1456 3748 2 0 0
28479 1462 3759 3 0 0
28479 1431 3796 2 0 0
28479 1440 3788 1 0 0
3 1472 2852 2 0 12
59 1472 2852 2 0 12
81 1472 2852 2 0 12
93 1472 2852 2 0 12
99 1472 2852 2 0 12
131 1472 2852 2 0 12
553 1472 2852 2 0 12
777 1472 2852 2 0 12
3 1472 3101 1 0 0
3 1472 3130 1 0 0
3 1473 3095 1 0 0
3 1473 3124 1 0 0
3 1474 3089 1 0 0
3 1474 3118 1 0 0
3 1475 3083 1 0 0
3 1475 3112 1 0 0
3 1476 3077 1 0 0
3 1476 3106 1 0 0
3 1476 3135 1 0 0
3 1477 3102 1 0 0
3 1478 3074 1 0 0
3 1478 3115 1 0 0
3 1479 3097 1 0 0
3 1480 3083 1 0 0
3 1481 3072 1 0 0
3 1481 3129 1 0 0
3 1482 3125 1 0 0
3 1483 3123 1 0 0
3 1484 3124 1 0 0
3 1485 3126 1 0 0
3 1486 3129 1 0 0
3 1487 3132 1 0 0
3 1488 3134 1 0 0
3 1489 3131 1 0 0
3 1490 3120 1 0 0
3 1491 3098 1 0 0
3 1491 3130 1 0 0
3 1492 3093 1 0 0
3 1492 3120 1 0 0
3 1493 3083 1 0 0
3 1493 3112 0 0 0
3 1493 3112 1 0 10
3 1493 3112 1 0 11
3 1493 3112 0 0 12
3 1493 3112 1 0 12
3 1493 3112 2 0 12
3 1493 3112 3 0 12
3 1493 3112 0 0 13
3 1493 3112 1 0 13
3 1493 3112 2 0 13
3 1493 3112 3 0 13
3 1493 3112 0 0 14
3 1493 3112 1 0 14
3 1493 3112 1 0 14
3 1493 3112 1 0 14
3 1493 3112 0 0 14
3 1493 3112 3 0 13
3 1493 3112 2 0 12
3 1493 3112 2 0 10
3 1493 3112 3 0 8
3 1493 3112 2 0 7
3 1493 3112 2 0 7
3 1493 3112 2 0 7
3 1493 3112 2 0 7
3 1493 3112 2 0 7
3 1493 3112 2 0 7
3 1493 3112 2 0 7
3 1493 3112 2 0 7
3 1493 3112 2 0 7
3 1493 3112 2 0 7
3 1493 3112 2 0 7
3 1493 3112 2 0 7
3 1493 3112 2 0 7
3 1493 3112 2 0 7
3 1493 3112 2 0 7
3 1493 3112 2 0 7
3 1493 3112 2 0 7
3 1493 3112 2 0 7
3 1493 3112 2 0 7
3 1493 3112 2 0 7
3 1493 3112 2 0 7
3 1493 3112 2 0 7
3 1493 3112 1 0 9
3 1493 3112 0 0 11
3 1493 3112 2 0 12
3 1493 3112 2 0 13
3 1493 3112 1 0 14
3 1493 3112 0 0 15
3 1493 3112 3 0 15
3 1493 3112 2 0 16
3 1493 3112 3 0 16
3 1493 3112 2 0 17
3 1493 3112 2 0 17
3 1493 3112 2 0 17
3 1493 3112 3 0 17
3 1493 3112 3 0 17
3 1493 3112 0 0 17
3 1493 3112 1 0 15
3 1493 3112 1 0 12
3 1493 3112 0 0 9
3 1493 3112 1 0 7
3 1493 3112 0 0 7
3 1493 3112 2 0 7
3 1493 3112 3 0 8
3 1493 3112 2 0 10
3 1493 3112 0 0 12
3 1493 3112 0 0 13
3 1493 3112 2 0 13
3 1493 3112 0 0 14
3 1493 3112 0 0 14
3 1493 3112 1 0 14
3 1493 3112 2 0 14
3 1493 3112 2 0 14
3 1493 3112 3 0 14
3 1493 3112 0 0 15
3 1493 3112 1 0 15
3 1493 3112 2 0 15
3 1493 3112 2 0 15
3 1493 3112 2 0 15
3 1493 3112 0 0 15
3 1493 3112 3 0 14
3 1493 3112 3 0 13
3 1493 3112 0 0 12
3 1493 3112 0 0 10
3 1493 3112 0 0 8
3 1493 3112 2 0 7
3 1493 3112 2 0 7
3 1493 3112 2 0 7
3 1493 3112 2 0 7
3 1493 3112 2 0 7
3 1493 3112 2 0 7
3 1493 3112 2 0 7
3 1493 3112 2 0 7
3 1493 3112 2 0 7
3 1493 3112 2 0 7
3 1493 3112 2 0 7
3 1493 3112 2 0 7
3 1493 3112 2 0 7
3 1493 3112 2 0 7
3 1493 3112 2 0 7
3 1493 3112 2 0 7
3 1493 3112 2 0 7
3 1493 3112 2 0 7
3 1493 3112 2 0 7
3 1493 3112 2 0 7
3 1493 3112 2 0 7
3 1493 3112 1 0 11
3 1493 3112 0 0 13
3 1493 3112 1 0 14
3 1493 3112 0 0 15
3 1493 3112 3 0 15
3 1493 3112 1 0 16
3 1493 3112 0 0 17
3 1493 3112 2 0 17
3 1493 3112 3 0 17
3 1493 3112 0 0 18
3 1493 3112 1 0 18
3 1493 3112 1 0 18
3 1493 3112 0 0 18
3 1493 3112 0 0 18
3 1493 3112 2 0 17
3 1493 3112 0 0 16
3 1493 3112 1 0 13
3 1493 3112 0 0 10
3 1493 3112 3 0 7
3 1493 3112 2 0 7
3 1493 3112 1 0 8
3 1493 3112 1 0 10
3 1493 3112 0 0 12
3 1493 3112 3 0 13
3 1493 3112 2 0 14
3 1493 3112 0 0 15
3 1493 3112 1 0 15
3 1493 3112 1 0 15
3 1493 3112 2 0 15
3 1493 3112 2 0 15
3 1493 3112 3 0 15
3 1493 3112 3 0 15
3 1493 3112 0 0 16
3 1493 3112 1 0 16
3 1493 3112 1 0 16
3 1493 3112 2 0 16
3 1493 3112 1 0 16
3 1493 3112 0 0 16
3 1493 3112 3 0 15
3 1493 3112 3 0 14
3 1493 3112 0 0 13
3 1493 3112 0 0 11
3 1493 3112 3 0 8
3 1493 3112 2 0 7
3 1493 3112 2 0 7
4 1472 3101 1 0 0
4 1472 3130 1 0 0
4 1473 3095 1 0 0
4 1473 3124 1 0 0
4 1474 3089 1 0 0
4 1474 3118 1 0 0
4 1475 3083 1 0 0
4 1475 3112 1 0 0
4 1476 3077 1 0 0
4 1476 3106 1 0 0
4 1476 3135 1 0 0
4 1477 3100 1 0 0
4 1477 3129 1 0 0
4 1478 3094 1 0 0
4 1478 3123 1 0 0
4 1479 3088 1 0 0
4 1479 3117 1 0 0
4 1480 3082 1 0 0
4 1480 3133 1 0 0
4 1481 3127 1 0 0
4 1482 3125 1 0 0
4 1483 3126 1 0 0
4 1484 3129 1 0 0
4 1485 3134 1 0 0
4 1487 3076 1 0 0
4 1488 3084 1 0 0
4 1489 3093 1 0 0
4 1490 3103 1 0 0
4 1491 3113 1 0 0
4 1492 3123 1 0 0
4 1493 3132 1 0 0
4 1495 3076 1 0 0
4 1496 3083 1 0 0
4 1497 3086 1 0 0
4 1498 3079 1 0 0
4 1498 3122 1 0 0
4 1499 3091 1 0 0
4 1499 3122 1 0 0
4 1500 3095 1 0 0
4 1501 3077 1 0 0
4 1501 3130 1 0 0
4 1502 3125 1 0 0
4 1503 3122 1 0 0
4 1504 3121 1 0 0
4 1505 3120 1 0 0
4 1506 3119 1 0 0
4 1507 3119 1 0 0
4 1508 3120 1 0 0
4 1509 3121 1 0 0
4 1510 3123 1 0 0
4 1511 3126 1 0 0
4 1512 3129 1 0 0
4 1513 3132 1 0 0
4 1514 3135 1 0 0
4 1516 3073 1 0 0
4 1517 3073 1 0 0
4 1518 3072 1 0 0
4 1518 3131 1 0 0
4 1519 3120 1 0 0
4 1520 3101 1 0 0
4 1521 3073 1 0 0
4 1521 3103 1 0 0
4 1521 3132 1 0 0
4 1522 3097 1 0 0
4 1522 3126 1 0 0
4 1523 3091 1 0 0
4 1523 3120 1 0 0
4 1524 3085 1 0 0
4 1524 3114 1 0 0
4 1525 3079 1 0 0
4 1525 3108 1 0 0
4 1526 3073 1 0 0
4 1526 3102 1 0 0
4 1526 3131 1 0 0
4 1527 3096 1 0 0
4 1527 3125 1 0 0
4 1528 3090 1 0 0
4 1528 3119 1 0 0
4 1529 3084 1 0 0
4 1529 3113 1 0 0
4 1530 3078 1 0 0
4 1530 3107 1 0 0
4 1531 3098 1 0 0
4 1532 3096 1 0 0
4 1533 3099 1 0 0
4 1534 3105 1 0 0
4 1535 3112 1 0 0
4 1472 3121 1 1 0
4 1473 3131 1 1 0
4 1475 3078 1 1 0
4 1476 3090 1 1 0
4 1477 3103 1 1 0
4 1478 3115 1 1 0
4 1479 3127 1 1 0
4 1481 3073 1 1 0
4 1482 3083 1 1 0
4 1483 3091 1 1 0
4 1484 3096 1 1 0
4 1485 3094 1 1 0
4 1486 3079 1 1 0
4 1486 3114 1 1 0
4 1487 3083 1 1 0
4 1487 3123 1 1 0
4 1488 3110 1 1 0
4 1489 3104 1 1 0
4 1490 3103 1 1 0
4 1491 3103 1 1 0
4 1492 3105 1 1 0
4 1493 3107 1 1 0
4 1494 3110 1 1 0
4 1495 3114 1 1 0
4 1496 3118 1 1 0
4 1497 3123 1 1 0
4 1498 3129 1 1 0
4 1499 3135 1 1 0
4 1501 3077 1 1 0
4 1502 3083 1 1 0
4 1503 3087 1 1 0
4 1504 3090 1 1 0
4 1505 3092 1 1 0
4 1506 3092 1 1 0
4 1507 3088 1 1 0
4 1508 3078 1 1 0
4 1508 3124 1 1 0
4 1509 3098 1 1 0
4 1509 3129 1 1 0
4 1510 3094 1 1 0
4 1510 3123 1 1 0
4 1511 3088 1 1 0
4 1511 3117 1 1 0
4 1512 3082 1 1 0
4 1512 3111 1 1 0
4 1513 3076 1 1 0
4 1513 3105 1 1 0
4 1513 3134 1 1 0
4 1514 3099 1 1 0
4 1514 3128 1 1 0
4 1515 3093 1 1 0
4 1515 3122 1 1 0
4 1516 3087 1 1 0
4 1516 3116 1 1 0
4 1517 3081 1 1 0
4 1517 3110 1 1 0
4 1518 3075 1 1 0
4 1518 3104 1 1 0
4 1518 3133 1 1 0
4 1519 3126 1 1 0
4 1520 3131 1 1 0
4 1522 3077 1 1 0
4 1523 3088 1 1 0
4 1524 3100 1 1 0
4 1525 3114 1 1 0
4 1526 3129 1 1 0
4 1528 3080 1 1 0
4 1529 3096 1 1 0
4 1530 3112 1 1 0
4 1531 3127 1 1 0
4 1533 3077 1 1 0
4 1534 3089 1 1 0
4 1535 3099 1 1 0
4 1472 3108 1 2 0
4 1473 3115 1 2 0
4 1474 3118 1 2 0
4 1475 3106 1 2 0
4 1476 3079 1 2 0
4 1476 3113 1 2 0
4 1477 3091 1 2 0
4 1478 3080 1 2 0
4 1479 3076 1 2 0
4 1480 3077 1 2 0
4 1481 3080 1 2 0
4 1482 3084 1 2 0
4 1483 3089 1 2 0
4 1484 3094 1 2 0
4 1485 3100 1 2 0
4 1486 3107 1 2 0
4 1487 3114 1 2 0
4 1488 3122 1 2 0
4 1489 3131 1 2 0
4 1491 3076 1 2 0
4 1492 3084 1 2 0
4 1493 3091 1 2 0
4 1494 3096 1 2 0
4 1495 3100 1 2 0
4 1496 3101 1 2 0
4 1497 3099 1 2 0
4 1498 3092 1 2 0
4 1499 3077 1 2 0
4 1499 3117 0 2 0
4 1499 3117 2 2 7
4 1499 3117 2 2 7
4 1499 3117 2 2 7
4 1499 3117 2 2 7
4 1499 3117 2 2 7
4 1499 3117 2 2 7
4 1499 3117 2 2 7
4 1499 3117 2 2 7
4 1499 3117 2 2 7
4 1499 3117 2 2 7
4 1499 3117 2 2 7
4 1499 3117 2 2 7
4 1499 3117 2 2 7
4 1499 3117 2 2 7
4 1499 3117 2 2 7
4 1499 3117 2 2 7
4 1499 3117 2 2 7
4 1499 3117 2 2 7
4 1499 3117 2 2 7
4 1499 3117 2 2 7
4 1499 3117 1 2 16
4 1499 3117 1 2 19
4 1499 3117 3 2 19
4 1499 3117 0 2 20
4 1499 3117 2 2 20
4 1499 3117 3 2 20
4 1499 3117 0 2 21
4 1499 3117 0 2 21
4 1499 3117 0 2 21
4 1499 3117 3 2 20
4 1499 3117 3 2 20
4 1499 3117 1 2 20
4 1499 3117 2 2 19
4 1499 3117 0 2 19
4 1499 3117 2 2 18
4 1499 3117 1 2 18
4 1499 3117 1 2 17
4 1499 3117 3 2 13
4 1499 3117 3 2 9
4 1499 3117 0 2 9
4 1499 3117 3 2 10
4 1499 3117 3 2 13
4 1499 3117 2 2 15
4 1499 3117 2 2 16
4 1499 3117 0 2 17
4 1499 3117 2 2 17
4 1499 3117 3 2 17
4 1499 3117 0 2 18
4 1499 3117 2 2 18
4 1499 3117 2 2 18
4 1499 3117 3 2 18
4 1499 3117 0 2 19
4 1499 3117 0 2 19
4 1499 3117 0 2 19
4 1499 3117 0 2 19
4 1499 3117 2 2 18
4 1499 3117 3 2 17
4 1499 3117 2 2 17
4 1499 3117 3 2 16
4 1499 3117 0 2 16
4 1499 3117 3 2 14
4 1499 3117 3 2 12
4 1499 3117 1 2 10
42116 1530 3580 2 0 0
42116 1474 3556 3 1 0
42116 1474 3559 1 1 0
42116 1496 3543 2 1 0
42116 1501 3543 0 1 0
42118 1492 3563 2 0 0
42118 1530 3546 0 1 0
42120 1522 3564 3 2 0
42122 1496 3573 2 0 0
42122 1500 3574 3 0 0
42122 1522 3561 1 2 0
42124 1502 3573 0 0 0
42124 1524 3570 3 0 0
42124 1525 3555 1 0 0
42124 1530 3545 0 0 0
42124 1532 3563 0 0 0
42124 1497 3577 3 1 0
42126 1502 3572 0 0 0
42126 1524 3555 1 0 0
42126 1525 3570 3 0 0
42126 1530 3544 0 0 0
42126 1532 3562 0 0 0
42126 1498 3577 3 1 0
42116 1503 3592 2 0 0
42116 1519 3587 1 0 0
42116 1508 3590 3 1 0
42116 1519 3590 3 1 0
28479 1484 3743 3 0 0
28479 1501 3766 3 0 0
28479 1507 3751 3 0 0
28479 1512 3766 3 0 0
28479 1525 3747 3 0 0
28479 1534 3723 1 0 0
28480 1483 3743 3 0 0
28480 1506 3751 3 0 0
28479 1489 3834 2 0 0
28479 1513 3832 0 0 0
3 1536 2857 1 0 16
59 1536 2857 1 0 16
81 1536 2857 1 0 16
93 1536 2857 1 0 16
99 1536 2857 1 0 16
131 1536 2857 1 0 16
42116 1549 3569 3 0 0
42116 1554 3564 0 0 0
42116 1562 3569 2 0 0
42116 1564 3545 2 0 0
42116 1565 3567 1 0 0
42116 1566 3556 3 0 0
42116 1566 3572 3 0 0
42116 1537 3582 0 1 0
42116 1553 3564 2 1 0
42118 1542 3547 0 0 0
42118 1542 3556 0 0 0
42118 1566 3559 1 0 0
42120 1540 3570 2 0 0
42120 1542 3572 3 1 0
42120 1549 3562 2 1 0
42120 1549 3564 2 1 0
42120 1549 3566 2 1 0
42120 1563 3569 2 1 0
42120 1567 3547 1 1 0
42120 1571 3556 1 1 0
42120 1549 3568 1 2 0
42120 1551 3563 2 2 0
42120 1551 3567 2 2 0
42122 1541 3554 3 1 0
42122 1567 3543 3 1 0
42122 1571 3559 3 1 0
42124 1563 3557 2 0 0
42124 1540 3545 3 1 0
42124 1572 3558 0 2 0
42126 1563 3558 2 0 0
42126 1541 3545 3 1 0
42126 1572 3557 0 2 0
11773 1596 3668 3 2 0
11773 1596 3678 1 2 0
28479 1551 3754 1 0 0
28479 1561 3737 2 0 0
28479 1561 3759 0 0 0
28479 1537 3808 0 0 0
28479 1542 3783 1 0 0
28479 1552 3782 0 0 0
28479 1553 3799 1 0 0
33570 1596 3820 0 0 0
33572 1596 3819 0 0 0
7452 1639 3575 3 0 0
7452 1641 3572 2 0 0
7452 1645 3569 1 0 0
7452 1645 3576 3 0 0
7452 1649 3572 0 0 0
7452 1651 3575 3 0 0
7452 1639 3577 3 1 0
7452 1641 3572 2 1 0
7452 1645 3573 3 1 0
7452 1649 3572 0 1 0
7452 1651 3577 3 1 0
7452 1649 3629 0 0 0
7452 1640 3620 0 1 0
7452 1640 3633 0 1 0
7452 1646 3621 1 1 0
7452 1646 3632 3 1 0
11773 1608 3662 1 0 0
11773 1620 3659 0 0 0
11773 1620 3687 0 0 0
11773 1607 3664 2 1 0
11773 1607 3682 2 1 0
11773 1612 3667 0 1 0
11773 1612 3679 0 1 0
11773 1616 3662 1 1 0
11773 1616 3684 3 1 0
11773 1620 3659 0 1 0
11773 1620 3687 0 1 0
11773 1652 3659 2 1 0
11773 1652 3687 2 1 0
11773 1655 3662 3 1 0
11773 1655 3684 1 1 0
11773 1609 3669 2 2 0
11773 1609 3677 2 2 0
11773 1614 3665 0 2 0
11773 1614 3682 0 2 0
28458 1650 3736 1 0 0
28459 1653 3749 2 0 0
28462 1651 3736 1 0 0
28463 1653 3748 2 0 0
28456 1632 3817 1 0 0
28456 1635 3798 3 0 0
28457 1623 3807 0 0 0
28457 1642 3806 2 0 0
28460 1633 3817 1 0 0
28460 1634 3798 3 0 0
28461 1623 3808 0 0 0
28461 1642 3805 2 0 0
11470 1627 4837 1 0 0
11470 1633 4831 0 0 0
11470 1643 4832 1 0 0
30112 1635 4838 2 0 0
30113 1643 4839 1 0 0
30114 1634 4842 0 0 0
30115 1631 4835 3 0 0
30116 1640 4828 2 0 0
30117 1633 4837 0 0 0
30118 1629 4842 2 0 0
30119 1628 4829 0 0 0
11783 1623 9936 1 0 0
1549 1664 3008 2 0 6
1549 1664 3057 0 0 0
1549 1665 3042 1 0 0
1549 1665 3067 2 0 12
1549 1665 3067 1 0 6
1549 1666 3052 1 0 0
1549 1667 3010 2 0 12
4247 1701 3536 0 0 0
7452 1671 3603 3 0 0
7452 1679 3614 1 0 0
28456 1717 3742 0 0 0
28457 1702 3764 3 0 0
28458 1693 3723 1 0 0
28458 1717 3757 0 0 0
28459 1668 3767 0 0 0
28459 1669 3730 1 0 0
28459 1718 3727 0 0 0
28460 1717 3743 0 0 0
28461 1701 3764 3 0 0
28462 1694 3723 1 0 0
28462 1717 3758 0 0 0
28463 1668 3768 0 0 0
28463 1670 3730 1 0 0
28463 1718 3728 0 0 0
28456 1678 3802 0 0 0
28459 1678 3784 0 0 0
28461 1678 3785 0 0 0
28462 1678 3803 0 0 0
1535 1710 6132 0 0 0
1535 1716 6134 3 0 0
30164 1690 6115 0 0 0
30167 1671 6092 0 0 0
37940 1664 6098 2 0 0
37941 1678 6134 3 0 0
37961 1722 6132 0 0 0
37963 1721 6114 0 0 0
37964 1721 6115 0 0 0
7452 1746 3534 2 0 0
7452 1748 3537 3 0 0
7452 1785 3520 1 0 0
7452 1788 3527 3 0 0
7452 1778 3568 1 1 0
7452 1778 3575 3 1 0
7452 1783 3568 0 1 0
7452 1783 3575 0 1 0
7452 1779 3568 1 2 0
7452 1779 3575 3 2 0
7452 1749 3587 2 0 0
7452 1754 3587 0 0 0
7452 1761 3630 1 0 0
7452 1761 3636 3 0 0
7452 1762 3613 3 0 0
7452 1765 3618 1 0 0
7452 1765 3624 3 0 0
7452 1770 3586 2 0 0
7452 1770 3590 3 0 0
7452 1774 3591 1 0 0
7452 1775 3618 2 0 0
7452 1777 3590 0 0 0
7452 1778 3624 1 0 0
7452 1780 3617 1 0 0
7452 1785 3595 3 0 0
7452 1787 3589 1 0 0
7452 1787 3599 2 0 0
7452 1741 3613 1 1 0
7452 1743 3622 2 1 0
7452 1746 3617 1 1 0
7452 1752 3587 0 1 0
7452 1768 3622 0 1 0
7452 1771 3587 2 1 0
7452 1774 3591 3 1 0
7452 1774 3655 2 0 0
7452 1777 3652 1 0 0
11773 1752 5463 1 0 0
11773 1767 5463 1 0 0
11773 1772 5480 3 0 0
1535 1731 6089 1 0 0
11773 1820 3083 0 0 0
11773 1820 3111 0 0 0
11773 1816 3086 1 1 0
11773 1816 3108 3 1 0
11773 1820 3083 0 1 0
11773 1820 3111 0 1 0
11773 1852 3083 2 1 0
11773 1852 3111 2 1 0
11773 1855 3086 3 1 0
11773 1855 3108 1 1 0
11763 1817 3537 0 0 0
7452 1798 3605 1 0 0
7452 1798 3611 3 0 0
7452 1800 3612 0 0 0
7452 1798 3609 1 1 0
4638 1803 4882 2 0 0
4638 1803 4893 2 0 0
4638 1803 4901 2 0 0
4638 1810 4908 3 0 0
4638 1818 4908 3 0 0
4638 1821 4908 3 0 0
4638 1829 4875 1 0 0
4638 1829 4908 3 0 0
4638 1836 4882 0 0 0
4638 1836 4893 0 0 0
4638 1836 4901 0 0 0
4640 1803 4890 2 0 0
4640 1836 4890 0 0 0
34844 1810 9945 3 0 0
3 1856 2735 1 0 0
3 1857 2718 1 0 0
3 1858 2701 1 0 0
3 1858 2748 1 0 0
3 1859 2731 1 0 0
3 1860 2714 1 0 0
3 1861 2697 1 0 0
3 1861 2744 1 0 0
3 1862 2727 1 0 0
3 1863 2710 1 0 0
3 1864 2693 1 0 0
3 1864 2740 1 0 0
3 1865 2723 1 0 0
3 1866 2706 1 0 0
3 1867 2689 1 0 0
3 1867 2736 1 0 14
3 1867 2736 1 0 9
3 1868 2728 1 0 0
3 1869 2700 1 0 14
3 1869 2700 1 0 9
3 1870 2692 1 0 0
3 1870 2728 1 0 14
3 1870 2728 1 0 9
3 1871 2720 1 0 0
3 1872 2692 1 0 14
3 1872 2692 1 0 9
3 1872 2748 1 0 0
3 1873 2720 1 0 0
3 1874 2692 1 0 0
3 1874 2728 1 0 0
3 1875 2700 1 0 0
3 1875 2747 1 0 0
3 1876 2730 1 0 0
3 1877 2713 1 0 0
3 1878 2696 1 0 0
3 1878 2743 1 0 0
3 1879 2726 1 0 0
3 1880 2709 1 0 0
3 1881 2692 1 0 0
3 1881 2739 1 0 0
3 1882 2722 1 0 0
3 1883 2694 1 0 0
3 1883 2730 1 0 0
3 1884 2702 1 0 0
3 1884 2738 1 0 14
3 1884 2738 1 0 9
3 1885 2730 1 0 0
3 1886 2702 1 0 14
3 1886 2702 1 0 9
3 1887 2694 1 0 0
3 1887 2730 1 0 14
3 1887 2730 1 0 9
3 1888 2722 1 0 0
3 1889 2694 1 0 14
3 1889 2694 1 0 9
3 1889 2750 1 0 0
3 1890 2722 1 0 14
3 1890 2722 1 0 9
3 1891 2714 1 0 0
3 1891 2750 1 0 14
3 1891 2750 1 0 9
3 1892 2742 1 0 0
3 1893 2714 1 0 14
3 1893 2714 1 0 9
3 1894 2706 1 0 0
3 1894 2742 1 0 14
3 1894 2742 1 0 9
3 1894 2742 1 0 9
3 1894 2742 1 0 9
3 1894 2742 1 0 9
3 1894 2742 1 0 9
3 1894 2742 1 0 9
3 1894 2742 1 0 9
3 1894 2742 1 0 9
4 1856 2735 1 0 0
4 1857 2718 1 0 0
4 1858 2701 1 0 0
4 1858 2748 1 0 0
4 1859 2731 1 0 0
4 1860 2714 1 0 0
4 1861 2697 1 0 0
4 1861 2744 1 0 0
4 1862 2727 1 0 0
4 1863 2710 1 0 0
4 1864 2693 1 0 0
4 1864 2740 1 0 0
4 1865 2723 1 0 0
4 1866 2706 1 0 0
4 1867 2689 1 0 0
4 1867 2736 1 0 14
4 1867 2736 1 0 9
4 1868 2728 1 0 0
4 1869 2700 1 0 14
4 1869 2700 1 0 9
4 1870 2692 1 0 0
4 1870 2728 1 0 14
4 1870 2728 1 0 9
4 1871 2720 1 0 0
4 1872 2692 1 0 0
4 1872 2728 1 0 0
4 1873 2700 1 0 0
4 1873 2736 1 0 0
4 1874 2708 1 0 0
4 1874 2744 1 0 0
4 1875 2716 1 0 0
4 1876 2699 1 0 0
4 1876 2746 1 0 0
4 1877 2729 1 0 0
4 1878 2712 1 0 0
4 1879 2695 1 0 0
4 1879 2742 1 0 0
4 1880 2725 1 0 0
4 1881 2708 1 0 0
4 1881 2744 1 0 0
4 1882 2716 1 0 0
4 1883 2688 1 0 0
4 1883 2724 1 0 0
4 1884 2696 1 0 14
4 1884 2696 1 0 9
4 1885 2688 1 0 0
4 1885 2724 1 0 14
4 1885 2724 1 0 9
4 1886 2716 1 0 0
4 1887 2688 1 0 14
4 1887 2688 1 0 9
4 1887 2744 1 0 0
4 1888 2716 1 0 14
4 1888 2716 1 0 9
4 1889 2708 1 0 0
4 1889 2744 1 0 14
4 1889 2744 1 0 9
4 1890 2736 1 0 0
4 1891 2708 1 0 14
4 1891 2708 1 0 9
4 1892 2700 1 0 0
4 1892 2736 1 0 0
4 1893 2708 1 0 0
4 1893 2744 1 0 0
4 1894 2716 1 0 0
4 1895 2688 1 0 0
4 1895 2724 1 0 0
4 1896 2696 1 0 0
4 1896 2732 1 0 0
4 1897 2704 1 0 0
4 1897 2740 0 0 0
9316 1881 5022 2 0 0
9317 1881 5030 2 0 0
9318 1886 5033 3 0 0
9319 1891 5019 0 0 0
20817 1864 5127 2 0 0
20817 1864 5137 2 0 0
1543 1861 5340 3 0 0
12348 1861 5316 3 0 0
3 1920 2724 2 0 12
59 1920 2724 2 0 12
81 1920 2724 2 0 12
93 1920 2724 2 0 12
99 1920 2724 2 0 12
131 1920 2724 2 0 12
553 1920 2724 2 0 12
777 1920 2724 2 0 12
42934 1939 3987 2 0 10
6106 1943 4702 1 0 0
7452 2002 2574 2 0 0
7452 2004 2577 3 0 0
7452 2041 2560 1 0 0
7452 2044 2567 3 0 0
7452 2034 2608 1 1 0
7452 2034 2615 3 1 0
7452 2039 2608 0 1 0
7452 2039 2615 0 1 0
7452 2035 2608 1 2 0
7452 2035 2615 3 2 0
6114 1986 4494 2 0 0
6114 1986 4529 2 0 0
6114 2003 4494 0 0 0
6114 2003 4529 0 0 0
6114 2028 4494 2 0 0
6114 2028 4529 2 0 0
6114 2045 4494 0 0 0
6114 2045 4529 0 0 0
6114 1986 4494 2 1 0
6114 1986 4529 2 1 0
6114 2003 4494 0 1 0
6114 2003 4529 0 1 0
6114 2028 4494 2 1 0
6114 2028 4529 2 1 0
6114 2045 4494 0 1 0
6114 2045 4529 0 1 0
6114 1986 4494 2 2 0
6114 1986 4529 2 2 0
6114 2003 4494 0 2 0
6114 2003 4529 0 2 0
6114 2028 4494 2 2 0
6114 2028 4529 2 2 0
6114 2045 4494 0 2 0
6114 2045 4529 0 2 0
6114 1986 4494 2 3 0
6114 1986 4529 2 3 0
6114 2003 4494 0 3 0
6114 2003 4529 0 3 0
6114 2028 4494 2 3 0
6114 2028 4529 2 3 0
6114 2045 4494 0 3 0
6114 2045 4529 0 3 0
1535 2035 4646 1 0 0
1535 2038 4646 1 0 0
1535 2041 4646 1 0 0
1535 2042 4644 2 0 0
8787 2042 4633 1 0 0
8788 2037 4633 1 0 0
8789 2034 4636 0 0 0
3333 2015 4712 3 1 10
3334 2015 4711 1 1 10
59 2048 2665 2 0 13
81 2048 2665 2 0 13
16776 2091 3901 3 0 0
16776 2098 3901 3 0 0
16778 2074 3900 3 0 0
16778 2081 3898 3 0 0
16778 2082 3897 3 1 0
16776 2082 3913 0 0 0
16776 2088 3910 3 0 0
16776 2091 3916 1 0 0
16776 2104 3911 3 0 0
16778 2076 3920 0 0 0
16778 2083 3920 1 0 0
16778 2096 3909 3 0 0
16778 2080 3913 0 1 0
16778 2088 3907 3 1 0
11773 2076 6155 0 0 0
11773 2076 6183 0 0 0
11773 2072 6158 1 1 0
11773 2072 6180 3 1 0
11773 2076 6155 0 1 0
11773 2076 6183 0 1 0
11773 2108 6155 2 1 0
11773 2108 6183 2 1 0
11773 2111 6158 3 1 0
11773 2111 6180 1 1 0
36253 2117 2527 1 0 0
36253 2117 2539 1 0 0
36253 2126 2534 0 0 0
36253 2135 2507 3 0 0
36253 2143 2507 3 0 0
3 2112 2665 1 0 14
16902 2140 3893 1 2 0
16902 2140 3896 3 2 0
16902 2140 3910 1 2 0
16902 2140 3915 3 2 0
3270 2158 4566 0 1 0
3333 2143 4648 3 1 10
3334 2143 4647 1 1 10
3220 2174 4726 1 1 10
3221 2174 4724 3 1 10
1535 2128 4915 3 0 0
1535 2128 4922 2 0 0
1535 2132 4919 1 0 0
1535 2141 4922 2 0 0
1535 2140 5018 3 0 9
1535 2144 5022 1 0 0
1535 2150 5017 2 0 0
20679 2176 2537 2 0 16
20679 2176 2536 2 1 0
20679 2177 2513 2 1 12
20679 2177 2512 1 2 7
20679 2177 2530 2 2 12
20679 2177 2530 1 3 1
36253 2207 3407 3 0 0
36253 2207 3413 2 0 0
16902 2224 3790 1 2 0
16902 2224 3793 3 2 0
16902 2224 3807 1 2 0
16902 2224 3812 3 2 0
4636 2198 4943 1 1 0
4637 2217 4943 1 1 0
4638 2191 4950 2 0 0
4638 2191 4961 2 0 0
4638 2191 4969 2 0 0
4638 2198 4943 1 0 0
4638 2198 4976 3 0 0
4638 2206 4976 3 0 0
4638 2209 4976 3 0 0
4638 2217 4943 1 0 0
4638 2217 4976 3 0 0
4638 2224 4950 0 0 0
4638 2224 4961 0 0 0
4638 2224 4969 0 0 0
4640 2191 4958 2 0 0
4640 2224 4958 0 0 0
4640 2191 4958 2 1 0
4640 2224 4958 0 1 0
11196 2224 4950 0 1 0
11197 2191 4950 2 1 0
553 2208 5461 1 0 0
777 2207 5461 1 0 0
4 2240 2537 2 0 12
4 2240 2537 1 0 10
4 2240 2538 2 0 10
4 2241 2523 1 0 0
4 2242 2499 2 0 0
4 2242 2540 2 0 12
4 2242 2540 1 0 9
4 2242 2541 2 0 10
4 2243 2526 1 0 0
4 2243 2558 2 0 0
4 2244 2535 2 0 12
4 2244 2535 1 0 9
4 2244 2536 2 0 10
4 2245 2521 1 0 0
4 2245 2556 2 0 0
4 2246 2533 2 0 12
4 2246 2533 3 0 8
4 2246 2533 0 1 8
4 2246 2533 3 2 6
12657 2319 3677 1 0 0
12657 2319 3690 3 0 0
12657 2322 3667 0 0 0
12657 2326 3672 3 0 0
12657 2337 3675 2 0 0
12657 2351 3679 2 0 0
21340 2339 3801 3 0 0
21341 2345 3807 2 0 0
21341 2347 3801 3 0 0
21341 2352 3801 2 0 0
21505 2328 3804 2 0 0
21507 2328 3805 2 0 0
1535 2313 9803 3 0 0
1535 2325 9801 3 0 0
23378 2399 5542 0 0 0
3220 2368 9717 3 0 10
3221 2368 9719 1 0 10
25418 2442 3183 1 0 0
25526 2445 3165 1 0 10
25527 2444 3166 1 0 10
1535 2467 3301 0 0 0
1535 2470 3285 0 0 0
1535 2470 3322 1 0 0
1535 2471 3307 2 0 0
1535 2476 3317 1 0 0
1535 2482 3287 3 0 0
1535 2483 3295 0 0 0
1535 2483 3307 0 0 0
1535 2487 3295 2 0 0
1535 2487 3301 2 0 0
1535 2488 3322 1 0 0
10260 2436 3345 1 0 0
10262 2433 3348 2 0 0
10264 2433 3347 2 0 0
16774 2451 4644 1 0 0
7274 2472 4972 0 0 0
7302 2447 4979 0 0 0
7317 2463 4963 2 0 0
7320 2480 4956 2 0 0
7323 2446 4956 2 0 0
7326 2478 4940 2 0 0
7354 2452 4943 1 0 0
23338 2440 5421 0 0 0
23338 2442 5425 0 0 0
23338 2446 5426 2 0 0
1535 2441 6091 3 0 0
1535 2453 6089 3 0 0
8958 2491 10162 1 0 10
8959 2491 10146 1 0 10
8960 2491 10130 1 0 10
1535 2551 3098 3 0 0
1540 2551 3082 1 0 0
1535 2505 3256 3 0 9
1535 2524 3254 1 0 0
2184 2502 3250 1 0 0
1535 2502 3309 2 0 0
1535 2502 3319 2 0 0
1535 2508 3323 1 0 0
1535 2511 3309 0 0 0
1535 2519 3275 0 0 0
1535 2521 3314 2 0 0
1535 2531 3276 1 0 0
1535 2541 3280 3 0 0
1535 2546 3325 2 0 0
1535 2551 3308 2 0 0
1535 2552 3314 2 0 0
2034 2547 3325 0 1 0
2036 2551 3320 1 0 0
2528 2530 3314 0 0 0
2546 2525 3311 1 0 0
2548 2526 3311 1 0 0
1535 2500 3328 1 0 0
1535 2506 3328 1 0 0
1535 2510 3380 1 0 0
1535 2512 3328 1 0 0
1535 2520 3332 0 0 0
1535 2521 3381 1 0 0
2036 2551 3328 3 0 0
2537 2531 3328 1 0 0
1535 2524 3434 1 0 0
1543 2521 3432 0 0 0
1540 2525 3495 0 0 0
1540 2522 3495 3 1 0
2010 2511 3464 0 0 10
1549 2551 3570 0 0 0
1551 2551 3569 0 0 0
4247 2534 3898 3 0 0
4247 2537 3894 0 0 0
4247 2539 3899 2 0 0
4247 2542 3895 1 0 0
4247 2547 3895 2 0 0
4247 2551 3893 1 0 0
4696 2512 3850 3 0 0
4696 2513 3868 1 0 0
4696 2517 3858 3 0 0
28783 2539 9097 0 1 0
28783 2542 9126 3 1 0
1991 2515 9575 1 0 0
2526 2539 9672 2 0 0
2002 2540 9900 1 0 0
2002 2542 9892 1 0 0
15204 2511 10258 0 0 0
15204 2512 10251 0 0 0
15204 2516 10251 2 0 0
15204 2518 10260 1 0 0
15204 2525 10256 2 0 0
15204 2525 10261 1 0 0
15204 2527 10248 2 0 0
1535 2591 3105 1 1 0
1535 2597 3105 1 1 0
1540 2563 3082 2 0 0
1540 2603 3082 3 0 0
81 2585 3141 0 0 0
81 2617 3171 1 0 0
82 2606 3152 0 0 9
1535 2565 3188 2 0 0
1535 2567 3162 2 0 0
1535 2569 3150 1 0 0
1535 2570 3168 3 0 0
1535 2578 3195 3 0 0
1535 2590 3192 3 0 0
1535 2599 3192 3 0 0
1535 2605 3182 0 0 0
1535 2608 3181 3 0 0
1535 2609 3143 0 0 0
1535 2609 3191 3 0 0
1535 2612 3182 2 0 0
1535 2613 3150 0 0 0
1535 2616 3145 1 1 0
1540 2595 3188 1 0 0
1540 2616 3147 3 0 0
1535 2567 3245 1 0 0
1535 2569 3239 3 0 0
1535 2574 3250 0 0 0
1535 2564 3310 0 0 0
1535 2573 3302 3 0 0
1535 2574 3285 0 0 0
1535 2574 3293 2 0 0
1535 2574 3308 0 0 0
1535 2577 3287 3 0 0
1535 2577 3306 1 0 0
1535 2579 3285 2 0 0
1535 2579 3308 2 0 0
1535 2610 3307 1 0 0
1535 2610 3324 2 0 0
1535 2574 3285 0 1 0
1535 2574 3308 0 1 0
1535 2579 3285 2 1 0
1535 2579 3308 2 1 0
1540 2564 3321 2 0 0
1540 2565 3272 3 0 0
1540 2565 3317 1 0 0
1540 2569 3273 1 0 0
1540 2569 3322 0 0 0
1540 2571 3322 2 0 0
1540 2576 3320 0 0 0
1540 2612 3309 2 0 0
1540 2567 3321 1 1 0
1540 2569 3323 0 1 0
1540 2571 3323 2 1 0
1540 2572 3268 0 1 0
1540 2573 3321 1 1 0
1540 2612 3325 3 1 0
1540 2615 3292 1 1 0
1540 2615 3315 0 1 0
1540 2616 3317 3 1 0
1540 2616 3325 3 1 0
1540 2617 3294 0 1 0
1540 2622 3293 1 1 0
1543 2572 3288 3 0 0
1543 2572 3305 1 0 0
1543 2573 3295 3 0 0
1543 2574 3303 2 0 0
1543 2573 3302 3 1 0
1543 2575 3293 0 1 0
2546 2576 3298 0 0 0
2548 2576 3299 0 0 0
11724 2572 3288 3 1 0
11724 2572 3305 1 1 0
21243 2594 3266 1 0 0
40178 2610 3316 2 0 0
46863 2567 3271 2 0 0
46863 2570 3271 0 0 0
46863 2573 3271 3 0 0
46863 2566 3268 2 1 0
1535 2570 3333 2 0 0
1535 2574 3333 0 0 0
1535 2578 3333 0 0 0
1535 2584 3339 3 0 0
1535 2616 3345 2 0 0
1540 2576 3336 3 1 0
1540 2586 3336 0 1 0
1540 2587 3335 2 1 0
2054 2592 3339 3 0 0
11723 2565 3356 0 0 0
1535 2611 3398 1 0 0
20925 2611 3394 3 0 0
1535 2609 3474 0 0 0
6108 2578 3464 3 0 0
4247 2614 3897 1 0 0
4696 2603 3874 3 0 0
4696 2604 3878 1 0 0
1991 2579 4455 1 0 0
15759 2567 5192 0 0 0
15759 2567 5198 0 0 0
15759 2576 5192 2 0 0
15759 2576 5198 2 0 0
28783 2582 9120 0 1 0
11728 2601 9482 3 0 0
1535 2565 9612 1 0 0
1535 2575 9648 2 0 0
1535 2575 9651 2 0 0
1535 2582 9648 0 0 0
1535 2582 9651 0 0 0
1535 2595 9644 2 0 0
1535 2598 9648 3 0 0
1535 2602 9638 0 0 0
2000 2575 9861 3 0 0
2002 2566 9901 1 0 0
2002 2568 9893 1 0 0
2002 2604 9900 1 0 0
2002 2606 9892 1 0 0
1543 2677 3088 1 0 0
1535 2633 3169 1 0 0
1535 2634 3164 1 0 0
1540 2656 3152 1 1 0
1535 2644 3273 3 0 0
1535 2645 3314 2 0 0
1535 2648 3299 2 0 0
1535 2650 3297 0 0 9
1535 2650 3305 3 0 0
1535 2656 3292 2 0 0
1535 2659 3320 1 0 0
1535 2663 3279 1 0 0
1535 2666 3294 3 0 0
1535 2668 3276 0 0 0
1535 2669 3316 1 0 9
1535 2670 3320 3 0 0
1535 2675 3285 3 0 0
1535 2676 3280 1 0 0
1535 2666 3291 1 1 0
1540 2628 3323 2 0 0
1540 2636 3323 2 0 0
1540 2639 3323 2 0 0
1540 2632 3319 1 1 0
1540 2638 3319 1 1 0
2705 2634 3323 0 0 0
2706 2635 3321 1 0 0
11719 2674 3305 1 0 0
11720 2674 3304 3 0 0
1535 2632 3381 1 0 0
1535 2641 3387 1 0 0
1535 2643 3360 3 0 0
1535 2644 3333 1 0 0
1535 2662 3330 2 0 0
1535 2664 3333 3 0 0
1535 2666 3330 0 0 0
1535 2670 3330 0 0 0
1535 2639 3415 2 0 9
1540 2641 3424 2 0 0
1540 2641 3452 0 0 0
1540 2642 3432 2 0 0
1540 2649 3448 1 0 0
1722 2654 3427 2 0 9
1722 2667 3414 0 0 9
1722 2669 3442 2 0 9
1722 2682 3429 0 0 9
99 2657 3496 1 0 0
4148 2667 3683 0 0 0
4165 2631 3667 3 0 0
4166 2636 3667 3 0 0
4247 2645 3663 3 0 0
4250 2627 3656 3 0 0
4250 2627 3675 0 0 0
4250 2638 3652 2 0 0
4250 2655 3654 3 0 0
4250 2664 3652 2 0 0
4250 2665 3702 2 0 0
4250 2671 3652 0 0 0
4250 2671 3665 2 0 0
4250 2672 3675 2 0 0
4250 2677 3690 2 0 0
4250 2678 3665 0 0 0
4250 2682 3685 3 0 0
4250 2683 3679 3 0 0
4250 2683 3680 1 0 0
4250 2684 3673 1 0 0
21170 2643 4032 1 1 0
1535 2629 4726 1 0 0
1535 2630 4681 2 0 0
1535 2633 4684 3 0 0
1535 2633 4728 0 0 0
1535 2638 4688 2 0 9
1535 2640 4682 1 0 0
1535 2645 4684 2 0 0
1535 2638 4688 0 1 9
22914 2638 5445 0 0 0
22914 2638 5459 0 0 0
22914 2645 5490 0 0 0
22914 2666 5482 2 0 0
22914 2676 5460 3 0 0
22914 2677 5491 3 0 0
22914 2680 5466 1 0 0
22914 2682 5460 3 0 0
22914 2632 5452 2 1 0
22914 2633 5464 1 1 0
22914 2633 5471 2 1 0
22914 2635 5445 2 1 0
22914 2672 5481 1 1 0
22914 2676 5455 1 1 0
22914 2676 5466 0 1 0
22914 2680 5483 1 1 0
22921 2637 5482 1 1 0
22921 2640 5490 3 1 0
22921 2669 5491 3 1 0
22921 2675 5488 0 1 0
1535 2681 5510 3 0 0
1535 2684 5506 0 1 0
28783 2648 9185 1 1 0
28783 2666 9189 1 1 0
10325 2665 9663 1 0 0
92 2648 9857 1 0 0
93 2646 9870 1 0 0
21065 2643 10418 3 0 0
18168 2713 3283 0 0 0
18168 2718 3274 0 0 0
18168 2723 3276 3 0 0
18168 2729 3276 2 0 0
18168 2730 3292 2 0 0
18168 2734 3296 3 0 0
1540 2726 3368 2 0 0
1535 2702 3401 3 0 0
25642 2750 3496 3 0 0
25642 2750 3503 1 0 0
25642 2749 3496 3 2 0
25799 2698 3494 1 0 0
25819 2701 3477 3 0 0
25819 2713 3483 3 0 0
25819 2716 3472 0 0 0
25819 2740 3502 0 0 0
25819 2706 3472 0 1 0
25819 2709 3472 2 1 0
25825 2736 3472 3 0 0
25827 2735 3472 3 0 0
25716 2731 3579 1 0 0
25718 2735 3575 2 0 0
25718 2735 3578 2 0 0
25718 2735 3580 2 0 0
25718 2738 3578 0 0 0
25718 2741 3576 3 0 0
25718 2745 3575 0 0 0
25718 2746 3576 1 0 0
25718 2735 3578 2 1 0
25718 2735 3580 2 1 0
25718 2736 3577 3 1 0
25718 2740 3578 3 1 0
25718 2744 3577 3 1 0
25718 2745 3578 0 1 0
25718 2745 3581 0 1 0
22914 2694 5293 3 0 0
22914 2699 5297 2 0 0
22914 2700 5262 2 0 0
22914 2706 5265 2 0 0
22914 2737 5291 0 0 0
22914 2738 5264 0 0 0
22914 2742 5260 1 0 0
22914 2698 5289 3 1 0
22914 2698 5300 3 1 0
22914 2737 5295 0 1 0
22921 2737 5285 0 1 0
22921 2741 5264 1 1 0
22914 2702 5317 0 0 0
22914 2702 5331 0 0 0
22914 2709 5362 0 0 0
22914 2730 5354 2 0 0
22914 2740 5332 3 0 0
22914 2741 5363 3 0 0
22914 2744 5338 1 0 0
22914 2746 5332 3 0 0
22914 2696 5324 2 1 0
22914 2697 5336 1 1 0
22914 2697 5343 2 1 0
22914 2699 5317 2 1 0
22914 2736 5353 1 1 0
22914 2740 5327 1 1 0
22914 2740 5338 0 1 0
22914 2744 5355 1 1 0
22921 2701 5354 1 1 0
22921 2704 5362 3 1 0
22921 2733 5363 3 1 0
22921 2739 5360 0 1 0
2427 2719 9671 1 0 0
2429 2722 9671 1 0 0
2430 2727 9690 2 0 0
2431 2723 9711 3 0 0
1535 2755 2569 1 0 0
1535 2770 3197 0 0 0
1535 2782 3194 2 0 0
1535 2789 3197 0 0 0
1540 2767 3194 0 0 0
1540 2771 3189 0 0 0
1540 2778 3190 0 0 0
1540 2807 3163 0 0 0
1722 2794 3199 1 0 0
2621 2764 3197 0 0 0
2622 2781 3197 3 0 0
2626 2811 3170 0 0 0
2627 2774 3187 1 0 0
2628 2788 3189 1 0 0
18168 2768 3276 0 0 0
18168 2768 3288 0 0 0
18168 2767 3285 0 1 0
1535 2815 3448 1 0 0
1540 2806 3452 0 0 0
24 2764 3503 2 1 0
25642 2766 3496 3 0 0
25642 2766 3503 1 0 0
25642 2752 3494 0 1 0
25642 2764 3494 2 1 0
4962 2799 4453 0 0 0
1535 2757 4726 1 0 0
1535 2758 4681 2 0 0
1535 2761 4684 3 0 0
1535 2761 4728 0 0 0
1535 2763 4676 0 0 0
1535 2766 4684 0 1 0
1535 2766 4688 0 1 9
1535 2848 3370 2 0 0
1540 2820 3356 1 0 0
1540 2822 3354 2 0 0
1540 2851 3341 1 0 0
1535 2828 3450 0 0 0
1535 2877 3477 1 0 0
1535 2837 3549 2 0 0
1535 2851 3551 3 0 0
1535 2838 3540 3 1 0
1535 2850 3537 1 1 0
1535 2857 3548 2 1 0
1535 2860 3542 2 1 0
3745 2822 3555 2 0 0
3746 2820 3557 1 0 0
24306 2854 3546 3 0 0
24306 2847 3540 0 2 0
24309 2855 3546 3 0 0
24309 2847 3541 0 2 0
24312 2842 3542 3 1 0
24315 2853 3554 2 0 0
24318 2877 3546 0 0 0
37465 2846 5083 0 0 0
42933 2862 5219 0 0 10
3776 2861 10092 2 0 0
3776 2828 10091 3 1 0
3776 2833 10070 2 1 0
3776 2837 10063 1 1 0
6108 2872 10172 1 0 0
1535 2928 3242 1 0 0
1535 2924 3242 3 1 0
1535 2925 3243 1 1 0
1535 2926 3258 3 1 0
1535 2928 3246 1 1 0
1535 2935 3256 1 1 0
1535 2938 3244 1 1 0
1535 2926 3258 3 2 0
1535 2934 3252 1 2 0
1540 2928 3209 2 0 0
1540 2932 3214 3 0 0
2595 2941 3248 0 0 0
1535 2922 3323 0 0 0
1535 2884 3423 0 0 0
1535 2884 3438 3 0 0
1535 2884 3440 1 0 0
1535 2884 3444 3 0 0
1535 2886 3420 3 0 0
1535 2893 3421 3 0 0
1535 2896 3450 2 0 0
1535 2899 3441 2 0 0
1535 2914 3435 3 0 0
1535 2898 3424 1 1 0
1535 2898 3432 3 1 0
1535 2902 3428 0 1 0
1535 2895 3508 3 1 0
2624 2902 3510 0 0 0
2625 2902 3511 0 0 0
2861 2900 3473 2 0 0
2862 2901 3465 1 0 0
2863 2934 3463 0 0 0
24686 2902 3467 1 0 0
24686 2902 3474 1 0 0
24686 2901 3471 3 1 0
1535 2911 3531 0 0 0
1535 2920 3561 1 0 0
1535 2920 3576 2 0 0
1535 2921 3571 1 0 0
1535 2932 3564 1 0 0
1540 2907 3544 3 0 0
1540 2916 3537 0 0 0
1540 2922 3558 2 0 0
1540 2909 3543 3 1 0
1540 2912 3543 3 1 0
3747 2906 3543 3 1 0
1535 2935 4698 3 0 0
1540 2935 4682 1 0 0
42934 2899 5203 2 0 10
1535 2896 9702 2 0 0
1535 2896 9709 2 0 0
1535 2918 9702 0 0 0
1535 2918 9709 0 0 0
2631 2931 9690 3 0 0
2631 2931 9694 1 0 0
1549 2892 9826 3 0 0
1551 2893 9826 3 0 0
10043 2911 9968 2 0 0
6108 2913 10167 3 0 0
6108 2927 10166 2 0 0
6108 2914 10164 0 1 0
1535 2964 3206 2 0 0
24050 2949 3379 0 0 0
24050 2982 3371 3 0 0
24057 2973 3348 1 0 0
24057 2978 3346 1 0 0
24057 2983 3348 1 0 0
24057 2985 3341 2 0 0
24057 2991 3341 0 0 0
24057 2959 3333 1 1 0
24057 2960 3349 1 1 0
24057 2966 3338 2 1 0
24057 2976 3329 0 1 0
24057 2983 3348 1 1 0
24057 2990 3337 3 1 0
24057 2991 3341 0 1 0
24057 2982 3337 3 2 0
24057 2983 3348 1 2 0
1535 2949 3450 2 0 0
1535 2952 3452 1 0 0
12444 2952 3501 0 0 0
12444 2954 3505 0 0 0
12444 2958 3506 2 0 0
24759 2968 3472 1 0 0
23555 2998 3917 3 0 0
7222 2968 5007 3 1 0
7222 2985 5035 0 1 0
7222 2955 5061 2 1 0
7222 2960 5091 3 1 0
7222 2980 5077 0 1 0
1535 3011 3197 3 0 0
1535 3019 3187 1 1 0
9565 3014 3182 3 0 0
9565 3018 3182 3 0 0
9565 3018 3187 1 0 0
59 3016 3246 0 0 0
1535 3012 3239 3 0 0
1535 3014 3237 2 0 0
1535 3028 3258 1 0 0
1535 3031 3248 0 0 0
2069 3012 3204 0 0 0
8695 3020 3293 2 0 0
8695 3022 3296 1 0 0
8695 3024 3291 3 0 0
8695 3026 3287 0 0 0
8695 3026 3292 0 0 0
8695 3029 3292 2 0 0
8695 3039 3289 1 0 0
8695 3039 3297 3 0 0
24050 3028 3356 3 0 0
24050 3037 3347 3 0 0
24050 3038 3361 1 0 0
24050 3046 3348 2 0 9
24050 3046 3353 2 0 0
24050 3046 3360 1 0 0
24050 3047 3357 2 0 0
24050 3038 3376 3 2 0
24050 3041 3373 0 2 0
24050 3050 3373 2 2 0
24050 3053 3376 3 2 0
24057 3010 3344 2 0 0
24057 3013 3335 3 0 0
24057 3014 3340 0 0 0
24057 3015 3333 2 0 0
24057 3015 3346 2 0 0
24057 3023 3346 0 0 0
24057 3027 3344 3 0 0
24057 3061 3374 1 0 0
3 3015 3453 0 0 0
1535 3016 3453 2 0 0
1535 3070 3515 3 0 0
1535 3044 3492 1 1 0
1535 3045 3485 1 1 0
1535 3049 3497 2 1 0
1535 3055 3497 0 1 0
1535 3058 3485 1 1 0
1535 3059 3493 3 1 0
2338 3020 3515 0 0 0
9565 3027 3509 2 0 0
14749 3019 3515 2 1 0
14749 3013 3515 0 2 0
14749 3029 3508 1 2 0
14749 3023 3627 1 0 0
14749 3024 3626 2 0 0
14749 3024 3637 2 0 0
14749 3033 3632 2 0 0
14749 3034 3626 0 0 0
14749 3034 3637 0 0 0
14749 3035 3627 1 0 0
14749 3035 3636 3 0 0
14749 3023 3627 1 1 0
14749 3023 3636 3 1 0
14749 3024 3626 2 1 0
14749 3024 3637 2 1 0
14749 3034 3626 0 1 0
14749 3034 3637 0 1 0
14749 3035 3627 1 1 0
14749 3035 3636 3 1 0
14751 3021 3632 2 0 0
14752 3021 3631 2 0 0
14749 3026 3699 3 0 0
14749 3027 3702 2 0 0
14749 3035 3707 0 0 0
14749 3038 3705 3 0 0
11727 3038 3956 0 0 0
11727 3041 3959 1 0 0
11727 3044 3956 2 0 0
7259 3061 4984 3 1 0
7222 3015 5039 1 1 0
7222 3021 5055 1 0 0
7222 3029 5042 1 1 0
7222 3034 5005 3 1 0
7222 3057 5003 3 1 0
7232 3046 5014 0 1 0
7222 3027 5087 1 1 0
7222 3044 5088 1 1 0
7234 3023 5082 2 1 0
30364 3046 9756 1 0 0
30365 3019 9732 1 0 0
30366 3043 9729 1 0 0
11780 3109 3028 3 0 0
11780 3109 3027 1 1 0
1535 3118 3124 0 0 0
1535 3124 3126 3 0 0
9398 3098 3107 0 0 0
9709 3079 3084 0 0 0
9710 3072 3090 2 0 0
9716 3086 3126 3 0 0
9721 3125 3124 0 0 0
9722 3130 3124 0 0 0
9723 3122 3102 1 0 0
23972 3107 3162 1 0 9
23972 3109 3167 3 0 0
23972 3111 3162 1 0 0
23972 3108 3158 1 1 0
23972 3109 3159 2 1 0
23972 3109 3162 2 1 0
23972 3107 3162 2 2 0
1535 3088 3251 3 0 0
1535 3088 3258 2 0 0
1535 3101 3258 2 0 0
1543 3128 3246 1 0 0
1535 3092 3274 2 0 9
1535 3098 3270 1 0 0
1535 3100 3276 1 0 0
22 3106 3361 1 2 0
131 3107 3367 2 0 0
136 3123 3361 3 0 0
11470 3099 3366 1 0 0
11470 3101 3371 2 0 0
11470 3103 3364 3 0 0
11470 3106 3368 1 0 0
11470 3109 3358 3 0 0
11470 3120 3356 0 0 0
11470 3116 3361 1 1 0
11470 3119 3356 0 1 0
11470 3108 3364 0 2 0
1535 3096 3429 1 2 0
1804 3115 3450 3 0 0
11616 3098 3426 1 0 0
102 3122 3488 3 0 0
17600 3087 4050 1 0 0
17600 3094 4048 1 0 0
17600 3100 4048 1 0 0
17600 3101 4071 2 0 0
17600 3106 4049 0 0 0
17600 3106 4073 3 0 0
17600 3118 4064 0 0 0
17600 3118 4088 2 0 0
17600 3119 4034 1 0 0
17600 3121 4040 2 0 0
17600 3121 4048 0 0 0
17600 3121 4053 3 0 0
17600 3121 4084 0 0 0
17600 3123 4058 3 0 0
17600 3127 4053 3 0 0
17600 3127 4070 2 0 0
17601 3096 4058 3 0 0
17601 3107 4064 3 0 0
18047 3129 4075 2 0 0
39372 3086 4089 0 0 0
39372 3087 4091 3 0 0
39372 3091 4087 1 0 0
39372 3095 4091 2 0 0
39372 3099 4089 1 0 0
39372 3090 4088 3 1 0
39372 3096 4093 2 1 0
11051 3104 9305 1 0 0
11053 3097 9312 2 0 0
11055 3104 9319 3 0 0
11057 3111 9312 0 0 0
11064 3082 9287 0 0 0
11066 3126 9337 2 0 0
11068 3079 9334 1 0 0
11070 3129 9290 3 0 0
11151 3082 9287 0 3 0
11151 3129 9334 1 3 0
11152 3079 9334 1 3 0
11152 3129 9290 3 3 0
1535 3108 9570 0 0 0
1535 3111 9559 0 0 0
1535 3139 3081 1 0 0
15056 3147 3172 1 0 0
13001 3188 3272 0 0 0
13001 3189 3275 1 0 0
1805 3191 3363 3 0 0
2399 3185 3388 3 0 0
11773 3192 3354 1 0 0
11773 3195 3357 0 0 0
11780 3190 3384 0 0 0
11780 3196 3384 0 0 0
532 3152 3403 1 0 4
10045 3144 3452 0 0 0
11773 3151 3435 3 0 0
11773 3155 3429 2 0 0
11773 3155 3439 2 0 0
11773 3159 3442 3 0 0
11773 3160 3432 3 0 0
11773 3165 3433 0 0 0
11773 3150 3435 2 1 0
11773 3157 3430 1 1 0
11773 3158 3426 1 1 0
11773 3159 3438 0 1 0
11773 3165 3433 0 1 0
11775 3151 3412 3 0 0
11775 3186 3434 0 0 0
11780 3154 3405 0 0 0
11780 3154 3409 0 0 0
11726 3190 3957 1 0 0
11726 3191 3963 3 0 0
1535 3183 4847 2 0 0
1535 3158 9640 0 0 9
1535 3159 9620 1 0 0
1535 3171 9621 1 0 0
1535 3174 9641 3 0 0
5501 3183 9611 0 0 0
1535 3235 3198 1 0 0
1535 3247 3193 0 0 0
2406 3202 3169 0 0 0
1535 3225 3240 2 0 0
1535 3226 3214 2 0 0
1535 3226 3223 2 0 0
1535 3230 3235 1 0 0
1535 3234 3207 0 0 0
1535 3246 3244 3 0 0
1535 3207 3210 2 1 0
1535 3207 3227 2 1 0
1540 3238 3210 0 0 0
1543 3207 3214 2 1 0
1543 3207 3222 2 1 0
12348 3207 3217 1 0 0
1535 3225 3293 0 0 0
1535 3230 3291 2 0 0
2398 3251 3386 3 0 0
11773 3205 3377 1 0 0
11773 3217 3386 2 0 0
11773 3225 3386 0 0 0
11773 3231 3387 3 0 0
11773 3235 3387 3 0 0
11773 3237 3384 0 1 0
11777 3208 3385 0 0 0
11780 3239 3391 1 0 0
11780 3241 3382 2 0 0
11780 3246 3386 3 0 0
44784 3255 3388 2 0 0
11775 3205 3432 0 0 0
11775 3209 3415 0 0 0
11775 3234 3396 0 0 0
11775 3234 3426 2 0 0
11775 3238 3450 3 0 0
11775 3243 3450 0 0 0
11775 3253 3430 1 0 0
11775 3205 3399 1 1 0
11775 3217 3399 2 1 0
11775 3217 3413 3 1 0
11775 3222 3395 2 1 0
11775 3224 3401 0 1 0
11775 3226 3397 3 1 0
11775 3227 3401 3 1 0
11775 3230 3397 3 1 0
11780 3235 3404 2 0 0
11780 3241 3406 0 0 0
11780 3242 3412 0 0 0
11780 3248 3411 3 0 0
11780 3259 3400 2 0 0
11773 3203 3493 1 0 0
11773 3205 3478 0 0 0
11773 3205 3485 0 0 0
11773 3207 3472 0 0 0
11773 3210 3490 3 0 0
11773 3214 3486 1 0 0
11773 3215 3477 3 0 0
11773 3217 3492 2 0 0
11773 3218 3472 2 0 0
11773 3242 3486 0 0 0
11773 3243 3500 0 0 0
11773 3258 3485 3 0 0
11773 3202 3475 3 1 0
11773 3204 3488 0 1 0
11773 3207 3473 0 1 0
11773 3211 3468 0 1 0
11773 3216 3490 3 1 0
11773 3219 3472 0 1 0
11773 3221 3493 0 1 0
11773 3221 3496 0 1 0
11773 3235 3486 0 1 0
11773 3218 3472 2 2 0
11775 3255 3463 3 0 0
32464 3222 3479 3 0 0
32464 3222 3491 3 0 0
1546 3234 4079 2 0 0
1546 3234 4083 2 0 0
1546 3235 4075 2 0 0
1546 3241 4075 0 0 0
1546 3242 4079 0 0 0
1546 3242 4083 0 0 0
36253 3232 6069 0 0 0
36253 3232 6075 0 0 0
36253 3237 6042 3 0 0
36253 3243 6072 3 0 0
36253 3256 6042 3 0 0
36253 3231 6159 3 0 0
36253 3231 6165 2 0 0
1535 3251 8742 1 0 0
1535 3254 8742 1 0 0
1535 3257 8742 1 0 0
1535 3258 8740 2 0 0
8787 3258 8729 1 0 0
8788 3253 8729 1 0 0
8789 3250 8732 0 0 0
2397 3247 9779 1 0 0
11780 3238 9767 1 0 0
11780 3249 9774 3 0 0
11780 3250 9770 3 0 0
1535 3241 9910 1 0 0
1535 3245 9916 2 0 0
1535 3247 9892 0 0 0
3 3264 2510 0 0 0
3 3264 2511 3 0 3
82 3264 2522 0 0 0
82 3264 2523 3 0 6
93 3264 2522 0 0 1024
93 3264 2523 3 0 3
99 3264 2510 0 0 0
99 3264 2511 3 0 3
6614 3294 2778 2 0 10
1535 3321 3142 3 0 0
1535 3324 3138 0 1 0
11773 3278 3382 2 0 0
11773 3281 3385 3 0 0
11773 3283 3389 3 0 0
11780 3267 3382 2 0 0
11780 3272 3380 3 0 0
11780 3274 3382 0 0 0
11773 3284 3396 0 0 0
11773 3281 3401 3 1 0
24565 3265 3441 1 0 0
24567 3264 3441 1 0 0
1535 3288 3930 2 0 0
1546 3285 3938 3 0 0
1546 3286 3935 1 0 0
14749 3276 3929 3 0 0
14749 3276 3933 1 0 0
14749 3279 3939 0 0 9
14749 3283 3931 2 0 0
14749 3283 3935 2 0 9
14749 3292 3931 2 0 0
14749 3294 3932 3 0 0
14749 3290 3931 2 1 0
14749 3293 3934 0 1 0
23378 3295 4070 0 0 0
36253 3272 6039 3 0 0
36253 3306 6055 2 0 0
36253 3269 6111 1 0 0
36253 3269 6123 1 0 0
36253 3278 6118 0 0 0
36253 3287 6091 3 0 0
36253 3295 6091 3 0 0
7222 3283 8607 1 1 0
7222 3300 8608 1 1 0
7234 3279 8602 2 1 0
44059 3280 9199 1 0 0
44060 3306 9199 1 0 0
6919 3317 9601 2 0 10
6920 3318 9601 0 0 10
6238 3370 2971 2 0 0
6240 3370 2970 2 0 0
17316 3352 3337 1 0 0
17316 3357 3344 0 0 0
1535 3363 4816 2 0 0
1535 3363 4826 2 0 0
1535 3370 4821 2 0 0
1535 3371 4805 1 0 0
1535 3348 5897 3 0 0
1535 3349 5938 2 0 0
1535 3352 5923 2 0 0
1535 3354 5921 0 0 9
1535 3354 5929 3 0 0
1535 3360 5916 2 0 0
1535 3363 5944 1 0 0
1535 3367 5903 1 0 0
1535 3370 5918 3 0 0
1535 3372 5900 0 0 0
1535 3373 5940 1 0 9
1535 3374 5944 3 0 0
1535 3379 5909 3 0 0
1535 3380 5904 1 0 0
1535 3370 5915 1 1 0
1540 3332 5947 2 0 0
1540 3340 5947 2 0 0
1540 3343 5947 2 0 0
1540 3336 5943 1 1 0
1540 3342 5943 1 1 0
2705 3338 5947 0 0 0
2706 3339 5945 1 0 0
11719 3378 5929 1 0 0
11720 3378 5928 3 0 0
43962 3389 9248 2 0 0
10431 3371 9312 1 0 0
10419 3372 9556 0 0 0
10420 3365 9542 1 0 0
10421 3374 9547 0 0 0
10423 3354 9558 1 0 0
10425 3355 9558 1 0 0
10427 3353 9544 1 0 0
10429 3354 9544 1 0 0
2100 3445 3554 1 2 0
2102 3426 3555 1 1 0
2104 3427 3555 1 1 0
2108 3428 3535 1 0 0
2111 3429 3535 1 0 0
1535 3442 4815 0 0 0
1535 3415 4818 2 1 0
1535 3415 4835 2 1 0
1543 3415 4825 1 0 0
1543 3415 4822 2 1 0
1543 3415 4830 2 1 0
43960 3432 9248 2 2 0
43961 3405 9248 2 0 0
43963 3421 9248 0 2 0
2100 3419 9950 0 3 0
2100 3423 9965 0 3 0
2100 3424 9948 1 3 0
2100 3428 9953 2 3 0
5244 3493 3233 3 0 0
1535 3484 3290 3 0 9
1535 3488 3294 1 0 0
1535 3494 3289 2 0 0
5244 3461 3555 1 0 0
13001 3508 8648 0 0 0
13001 3509 8651 1 0 0
1535 3540 3555 0 0 0
1535 3545 3555 0 0 0
1535 3552 3555 2 0 0
1535 3557 3555 2 0 0
1535 3539 3554 2 1 0
1535 3558 3554 0 1 0
5172 3548 3551 1 1 0
5174 3548 3565 0 0 0
5183 3548 3535 1 0 0
5183 3548 3543 1 0 0
5183 3548 3551 1 0 0
5183 3549 3558 3 0 0
5183 3549 3543 3 1 0
5186 3548 3558 3 0 0
5186 3549 3535 1 0 0
5186 3549 3543 1 0 0
5186 3549 3551 1 0 0
5186 3548 3543 3 1 0
4 3520 4137 2 0 12
22 3520 4137 2 0 12
24 3520 4137 2 0 12
3 3520 5033 2 0 16
59 3520 5033 2 0 16
81 3520 5033 2 0 16
93 3520 5033 2 0 16
99 3520 5033 2 0 16
131 3520 5033 2 0 16
553 3520 5033 2 0 16
553 3580 5032 2 2 0
553 3581 5009 2 2 16
3 3520 5732 2 0 12
59 3520 5732 2 0 12
81 3520 5732 2 0 12
93 3520 5732 2 0 12
99 3520 5732 2 0 12
131 3520 5732 2 0 12
553 3520 5732 2 0 12
777 3520 5732 2 0 12
17600 3595 3187 3 0 0
17600 3598 3189 2 0 0
17600 3598 3198 3 0 0
17600 3613 3196 0 0 0
17600 3595 3214 2 0 0
17600 3595 3236 2 0 0
17600 3597 3205 1 0 0
17600 3598 3210 3 0 0
17600 3600 3227 0 0 0
17600 3602 3203 1 0 0
17600 3602 3208 3 0 0
17600 3616 3234 2 0 0
17600 3618 3223 1 0 0
17600 3621 3230 1 0 0
17600 3621 3238 0 0 0
17600 3622 3212 0 0 0
17600 3625 3204 2 0 0
17600 3626 3258 0 0 0
17600 3628 3250 2 0 0
17600 3629 3204 0 0 0
17600 3631 3240 2 0 0
17600 3631 3262 3 0 0
17600 3635 3239 0 0 0
17600 3612 3242 3 1 0
17601 3593 3227 0 0 0
17601 3596 3251 0 0 0
17601 3598 3260 3 0 0
17601 3599 3242 0 0 0
17601 3604 3262 1 0 0
17601 3606 3206 3 0 0
17601 3609 3263 0 0 0
17601 3614 3254 1 0 0
17601 3616 3242 3 0 0
17601 3618 3254 0 0 0
17601 3624 3207 1 0 0
17601 3624 3221 1 0 0
17601 3625 3252 0 0 0
17601 3629 3232 1 0 0
17601 3631 3259 1 0 0
17601 3633 3243 3 0 0
17601 3637 3243 3 0 0
17973 3600 3213 3 0 0
17973 3612 3209 3 0 0
17973 3614 3204 1 0 0
17973 3636 3254 0 0 0
18057 3594 3219 3 0 0
18057 3625 3223 1 0 0
18091 3608 3221 2 0 0
17600 3599 3282 1 0 0
17600 3606 3280 1 0 0
17600 3612 3280 1 0 0
17600 3613 3303 2 0 0
17600 3618 3281 0 0 0
17600 3618 3305 3 0 0
17600 3630 3296 0 0 0
17600 3630 3320 2 0 0
17600 3631 3266 1 0 0
17600 3633 3272 2 0 0
17600 3633 3280 0 0 0
17600 3633 3285 3 0 0
17600 3633 3316 0 0 0
17600 3635 3290 3 0 0
17600 3639 3285 3 0 0
17600 3639 3302 2 0 0
17601 3608 3290 3 0 0
17601 3619 3296 3 0 0
18047 3641 3307 2 0 0
39372 3598 3321 0 0 0
39372 3599 3323 3 0 0
39372 3603 3319 1 0 0
39372 3607 3323 2 0 0
39372 3611 3321 1 0 0
39372 3602 3320 3 1 0
39372 3608 3325 2 1 0
39372 3605 3341 3 0 0
39372 3607 3338 2 0 0
39372 3610 3336 1 0 0
39372 3612 3338 0 0 0
39372 3612 3345 0 0 0
39372 3625 3334 2 0 0
39372 3625 3346 2 0 0
39372 3626 3340 2 0 0
39372 3631 3344 3 0 0
39372 3632 3336 1 0 0
39372 3637 3344 3 0 0
39372 3638 3336 0 0 0
39372 3644 3343 3 0 0
39372 3647 3365 3 0 0
39372 3604 3357 3 1 0
39372 3606 3366 1 1 0
39372 3610 3339 2 1 0
39406 3601 3382 1 0 0
39406 3602 3389 2 0 0
39406 3605 3358 1 0 0
39406 3605 3365 3 0 0
39406 3609 3387 1 0 0
39406 3612 3377 2 0 0
39406 3619 3381 1 0 0
39406 3620 3385 3 0 0
39406 3632 3383 2 0 0
39406 3642 3384 3 0 0
39406 3645 3380 1 0 0
39406 3610 3392 3 0 0
39406 3626 3393 2 0 0
5244 3615 3543 2 1 0
28479 3596 9119 3 0 0
28479 3613 9142 3 0 0
28479 3619 9127 3 0 0
28479 3624 9142 3 0 0
28479 3637 9123 3 0 0
28479 3646 9099 1 0 0
28480 3595 9119 3 0 0
28480 3618 9127 3 0 0
17911 3629 9680 1 0 0
17912 3630 9680 1 0 0
32562 3596 9680 3 0 0
22007 3689 2841 0 0 0
22007 3689 2847 0 0 0
1549 3648 3968 0 0 6
1549 3648 4017 0 0 0
1549 3649 4002 0 0 0
1549 3650 3987 0 0 0
1549 3651 3972 0 0 0
1549 3651 4021 0 0 0
1549 3652 4006 1 0 0
1549 3653 3968 2 0 12
1549 3653 3968 0 0 7
1549 3653 4017 1 0 0
1549 3654 3979 2 0 12
4636 3648 3968 3 0 3
4636 3648 4017 0 0 0
4636 3649 4002 0 0 0
4636 3650 3987 0 0 0
4636 3651 3972 0 0 0
4636 3651 4021 0 0 0
4636 3652 4006 0 0 0
4636 3653 3991 0 0 0
4636 3654 3976 0 0 0
4636 3654 4025 1 0 0
4636 3655 3992 2 0 12
4636 3655 3992 2 0 8
4636 3655 4026 2 0 10
4636 3656 4011 1 0 4800
4636 3657 3981 0 0 7
4636 3657 4022 2 0 12
5186 3648 3968 1 0 8
5186 3648 4017 1 0 0
5186 3649 3987 3 0 8
5186 3649 4028 2 0 12
3 3648 9132 1 0 0
3 3649 9112 1 0 0
3 3650 9135 1 0 0
3 3651 9112 1 0 0
3 3652 9123 1 0 0
3 3653 9119 1 0 0
3 3653 9148 1 0 0
3 3654 9113 0 0 0
3 3654 9113 2 0 7
3 3654 9113 2 0 7
3 3654 9113 2 0 7
3 3654 9113 2 0 7
3 3654 9113 2 0 7
3 3654 9113 2 0 7
3 3654 9113 2 0 7
3 3654 9113 2 0 7
3 3654 9113 2 0 7
3 3654 9113 2 0 7
3 3654 9113 2 0 7
3 3654 9113 0 0 8
3 3654 9113 2 0 9
3 3654 9113 0 0 11
3 3654 9113 3 0 11
3 3654 9113 3 0 11
3 3654 9113 0 0 12
3 3654 9113 1 0 11
3 3654 9113 3 0 10
3 3654 9113 2 0 9
3 3654 9113 1 0 8
3 3654 9113 3 0 7
3 3654 9113 2 0 7
11763 3722 3816 0 0 0
43087 3744 4304 1 0 0
43088 3743 4332 2 0 10
3 3776 2532 2 0 12
59 3776 2532 2 0 12
81 3776 2532 2 0 12
93 3776 2532 2 0 12
99 3776 2532 2 0 12
131 3776 2532 2 0 12
553 3776 2532 2 0 12
777 3776 2532 2 0 12
1535 3807 2699 0 0 0
1535 3816 2729 1 0 0
1535 3816 2744 2 0 0
1535 3817 2739 1 0 0
1535 3828 2732 1 0 0
1540 3803 2712 3 0 0
1540 3812 2705 0 0 0
1540 3818 2726 2 0 0
1540 3805 2711 3 1 0
1540 3808 2711 3 1 0
3747 3802 2711 3 1 0
37465 3794 2854 3 0 0
37465 3799 2858 0 0 0
37465 3800 2849 2 0 0
37465 3803 2855 1 0 0
37465 3809 2856 3 0 0
37465 3811 2841 0 0 0
3 3840 2537 1 0 16
59 3840 2537 1 0 16
81 3840 2537 1 0 16
93 3840 2537 1 0 16
99 3840 2537 1 0 16
131 3840 2537 1 0 16
553 3840 2537 1 0 16
777 3840 2537 1 0 16
28456 3854 3290 0 0 0
28459 3854 3272 0 0 0
28461 3854 3273 0 0 0
28462 3854 3291 0 0 0
17911 4077 9104 1 0 0
17912 4078 9104 1 0 0
32562 4044 9104 3 0 0
37465 3080 3506 1 0 0
37465 3076 3486 1 0 0
37465 3080 3488 0 0 0