1521 1616 2836 1 0
1524 1617 2836 1 0
30110 1636 4824 1 0
30111 1637 4824 1 0
71 1689 4257 2 0
72 1689 4256 2 0
25788 1702 4255 0 0
25790 1702 4256 0 0
30162 1714 6127 2 0
30163 1713 6127 0 0
1521 1737 3541 0 0
1524 1737 3542 0 0
1521 1868 5348 2 0
1524 1868 5347 2 0
12349 1868 5324 2 0
12350 1868 5323 2 0
1521 2009 4747 1 0
1524 2010 4747 1 0
4629 2207 4943 1 0
4629 2208 4946 3 0
4631 2194 4959 0 0
4631 2207 4973 1 0
4631 2221 4960 2 0
4632 2194 4960 0 0
4632 2208 4973 1 0
4632 2221 4959 2 0
4633 2207 4946 3 0
4633 2208 4943 1 0
4423 2426 3088 3 0
4424 2427 3088 3 0
4427 2373 3119 1 0
4428 2372 3119 1 0
21399 2390 3793 2 0
21399 2390 3804 2 0
21399 2407 3806 1 0
21399 2410 3821 3 0
21399 2421 3821 3 0
21400 2414 3808 0 0
21401 2414 3802 1 0
21402 2393 3799 2 0
21402 2395 3802 0 0
21402 2407 3809 0 0
21402 2414 3816 1 0
1517 2444 3099 3 0
30387 2445 3089 0 0
30388 2445 3090 0 0
1521 2456 3308 2 0
1524 2456 3307 2 0
73 2495 5436 2 0
74 2495 5435 2 0
23340 2445 5429 1 0
23342 2446 5429 1 0
17089 2536 3083 2 0
17089 2536 3100 2 0
17089 2537 3089 1 0
17089 2537 3094 3 0
17091 2532 3092 2 0
17091 2539 3091 0 0
17093 2532 3091 2 0
17093 2539 3092 0 0
1517 2500 3849 3 0
1517 2500 3871 1 0
1517 2504 3853 2 0
1517 2504 3867 2 0
1517 2505 3860 0 0
1517 2506 3851 1 0
1517 2506 3869 3 0
1517 2510 3860 2 0
1517 2500 3849 3 1
1517 2500 3871 1 1
1517 2504 3853 2 1
1517 2504 3867 2 1
1517 2506 3851 1 1
1517 2506 3869 3 1
1522 2561 3099 1 0
1522 2572 3098 3 0
1525 2561 3098 3 0
1525 2572 3099 1 0
17089 2594 3102 1 0
1521 2594 3180 1 0
1524 2595 3180 1 0
1521 2613 3481 3 0
1524 2612 3481 3 0
1517 2608 3875 0 0
1517 2609 3875 2 0
1517 2611 3866 2 0
1517 2611 3883 2 0
1517 2613 3864 1 0
1517 2613 3886 3 0
1517 2615 3870 1 0
1517 2615 3880 3 0
1517 2609 3875 2 1
1517 2611 3866 2 1
1517 2611 3883 2 1
1517 2613 3865 3 1
1517 2613 3885 1 1
1517 2615 3870 1 1
1517 2615 3880 3 1
13094 2571 5204 3 0
13096 2572 5204 3 0
1521 2564 9881 1 0
1521 2576 9882 1 0
1521 2576 9884 1 0
1521 2582 9875 0 0
1524 2565 9881 1 0
1524 2577 9882 1 0
1524 2577 9884 1 0
1524 2582 9876 0 0
1517 2665 3241 2 0
1521 2678 3325 2 0
1524 2678 3324 2 0
1518 2635 4676 0 0
1518 2638 4684 0 1
1521 2635 4693 3 0
1524 2634 4693 3 0
1521 2645 9828 0 0
1524 2645 9829 0 0
1521 2713 3291 0 0
1521 2712 3291 0 1
1524 2713 3292 0 0
1524 2712 3292 0 1
2417 2694 3488 0 0
2417 2709 3487 0 0
25594 2751 3507 2 2
25595 2751 3508 2 2
25813 2704 3463 0 0
25814 2704 3462 0 0
26207 2695 3488 2 0
26207 2710 3487 2 0
25748 2740 3572 1 0
25750 2741 3572 1 0
71 2763 3402 2 0
72 2763 3401 2 0
1521 2776 3400 0 0
1524 2776 3401 0 0
25638 2757 3503 1 0
25638 2761 3505 1 1
25640 2758 3503 1 0
25640 2762 3505 1 1
4963 2773 4450 3 0
4964 2772 4450 3 0
4963 2789 4593 0 0
4963 2794 4595 2 0
4964 2789 4594 0 0
4964 2794 4594 2 0
4423 2874 6032 3 0
4424 2875 6032 3 0
4427 2821 6063 1 0
4428 2820 6063 1 0
1521 2891 3511 2 0
1524 2891 3510 2 0
1517 2896 3559 0 0
1517 2901 3559 2 0
1517 2901 3568 2 0
1521 2898 3558 1 0
1524 2899 3558 1 0
3743 2894 3566 1 0
17089 2920 4683 2 0
17089 2920 4700 2 0
17089 2921 4689 1 0
17089 2921 4694 3 0
17091 2916 4692 2 0
17091 2923 4691 0 0
17093 2916 4691 2 0
17093 2923 4692 0 0
1521 2908 9698 3 0
1524 2907 9698 3 0
1521 3001 3177 0 0
1524 3001 3178 0 0
73 3007 3516 2 0
74 3007 3515 2 0
12446 2957 3509 1 0
12448 2958 3509 1 0
1521 2958 3820 0 0
1524 2958 3821 0 0
1512 3122 3119 2 0
1516 3121 3119 0 0
134 3108 3353 1 0
135 3109 3353 1 0
1521 3101 3509 0 0
1524 3101 3510 0 0
1521 3166 3302 1 0
1524 3167 3302 1 0
1521 3244 3216 3 0
1524 3243 3216 3 0
12349 3213 3221 0 0
12350 3213 3222 0 0
1511 3287 3172 0 0
1511 3292 3167 3 0
1511 3298 3171 2 0
1513 3287 3171 0 0
1513 3293 3167 3 0
1513 3298 3172 2 0
1521 3382 5949 2 0
1524 3382 5948 2 0
3489 3408 3489 2 0
3490 3408 3488 2 0
1521 3421 4829 0 0
1524 3421 4830 0 0
39251 3614 3362 2 0
39253 3614 3361 2 0
22435 3786 2822 3 0
22437 3787 2822 3 0
37463 3095 3505 1 0
37465 3096 3505 1 0
11620 1569 3720 3 0
11621 1570 3720 3 0
11620 3079 3435 1 0
11621 3078 3435 1 0